3 20
10 20
1 20
31 20
11 20
19 20
1 20
2 20
8 20
1 20
4 20
1 20
2 20
2 20
2 20
32 20
28 20
1 20
32 20
2 20
2 20
10 20
2 20
7 20
1 20
12 20
15 20
38 20
7 20
68 20
1 20
13 20
1 20
27 20
2 20
38 20
37 20
22 20
27 20
3 20
1 20
4 20
4 20
4 20
22 20
4 20
1 20
12 20
25 20
2 20
1 20
5 20
34 20
1 20
2 20
5 20
1 20
15 20
4 20
44 20
11 20
5 20
23 20
38 20
39 20
5 20
1 20
1 20
2 20
6 20
17 20
1 20
11 20
2 20
2 20
19 20
1 20
14 20
2 20
4 20
3 20
1 20
1 20
1 20
38 20
15 20
2 20
29 20
7 20
4 20
13 20
53 20
1 20
1 20
1 20
16 20
15 20
13 20
2 20
38 20
4 20
3 20
36 15
1 15
25 15
30 15
36 15
1 15
1 15
2 15
50 15
11 15
47 15
20 15
36 15
5 15
2 15
4 15
4 15
14 15
2 15
13 15
2 15
1 15
2 15
1 15
2 15
3 15
2 15
46 15
15 15
56 15
3 15
72 15
3 15
4 15
51 15
6 15
53 15
1 15
2 15
3 15
48 15
42 15
4 15
1 15
36 15
1 15
27 15
35 15
19 15
21 15
38 15
1 15
27 15
15 15
47 15
1 15
9 15
60 15
4 15
11 15
42 15
32 15
52 15
24 15
2 15
40 15
22 15
1 15
43 15
2 15
9 15
6 15
36 15
35 15
43 15
51 15
5 15
13 15
45 15
25 15
9 15
48 15
11 15
12 15
1 15
51 15
34 15
1 15
29 15
38 15
2 15
2 15
15 15
44 15
69 15
45 15
44 15
18 15
20 15
14 15
1 10
83 10
74 10
1 10
2 10
14 10
7 10
79 10
82 10
66 10
2 10
87 10
34 10
60 10
1 10
2 10
66 10
5 10
2 10
4 10
80 10
1 10
55 10
81 10
1 10
75 10
77 10
5 10
85 10
84 10
3 10
2 10
84 10
59 10
77 10
61 10
5 10
85 10
42 10
1 10
2 10
2 10
2 10
46 10
87 10
1 10
21 10
32 10
72 10
63 10
43 10
64 10
66 10
6 10
4 10
1 10
63 10
29 10
3 10
57 10
65 10
85 10
75 10
80 10
1 10
75 10
4 10
85 10
68 10
2 10
81 10
81 10
74 10
87 10
61 10
85 10
76 10
85 10
81 10
2 10
75 10
72 10
1 10
77 10
5 10
15 10
62 10
4 10
65 10
89 10
3 10
19 10
9 10
80 10
76 10
73 10
79 10
32 10
68 10
55 10
